time	V(n001)	V(n003)	I(R1)
0.000000000000000e+00	-2.449294e-15	-3.953261e-02	-3.294384e-05
2.929687500000111e-06	3.680722e-02	-2.731379e-03	-2.276149e-06
6.835937499999681e-06	8.579731e-02	4.623752e-02	3.853127e-05
1.464843749999969e-05	1.830399e-01	1.434471e-01	1.195392e-04
2.441406249999948e-05	3.020059e-01	2.628228e-01	2.190190e-04
3.417968749999927e-05	4.164295e-01	3.783317e-01	3.152764e-04
4.394531249999906e-05	5.245897e-01	4.881487e-01	4.067906e-04
5.371093749999886e-05	6.248595e-01	5.906124e-01	4.921770e-04
6.347656249999865e-05	7.157308e-01	6.841788e-01	5.701490e-04
7.324218749999844e-05	7.958369e-01	7.674402e-01	6.395335e-04
8.300781249999823e-05	8.639728e-01	8.391442e-01	6.992868e-04
9.277343749999802e-05	9.191139e-01	8.982123e-01	7.485102e-04
1.025390624999978e-04	9.604305e-01	9.437561e-01	7.864634e-04
1.123046874999976e-04	9.873014e-01	9.750908e-01	8.125757e-04
1.220703124999974e-04	9.993224e-01	9.919086e-01	8.265905e-04
1.314106736470672e-04	9.967569e-01	9.938692e-01	8.282244e-04
1.411762986470669e-04	9.794102e-01	9.811213e-01	8.176011e-04
1.509419236470667e-04	9.473323e-01	9.537664e-01	7.948054e-04
1.607075486470665e-04	9.010056e-01	9.120525e-01	7.600437e-04
1.704731736470663e-04	8.411270e-01	8.566070e-01	7.138392e-04
1.802387986470661e-04	7.685969e-01	7.882640e-01	6.568867e-04
1.900044236470659e-04	6.845066e-01	7.080514e-01	5.900429e-04
1.997700486470657e-04	5.901206e-01	6.171760e-01	5.143133e-04
2.095356736470655e-04	4.868586e-01	5.170046e-01	4.308372e-04
2.193012986470653e-04	3.762738e-01	4.090440e-01	3.408700e-04
2.290669236470651e-04	2.600296e-01	2.949181e-01	2.457651e-04
2.388325486470649e-04	1.398742e-01	1.763437e-01	1.469531e-04
2.485981736470647e-04	1.761496e-02	5.510424e-02	4.592021e-05
2.583637986470644e-04	-1.049092e-01	-6.697656e-02	-5.581381e-05
2.681294236470642e-04	-2.258554e-01	-1.880624e-01	-1.567187e-04
2.778950486470640e-04	-3.434046e-01	-3.063320e-01	-2.552766e-04
2.876606736470638e-04	-4.557886e-01	-4.200062e-01	-3.500052e-04
2.974262986470636e-04	-5.613171e-01	-5.273753e-01	-4.394795e-04
3.071919236470634e-04	-6.584029e-01	-6.268243e-01	-5.223536e-04
3.169575486470632e-04	-7.455857e-01	-7.168571e-01	-5.973810e-04
3.267231736470630e-04	-8.215542e-01	-7.961196e-01	-6.634330e-04
3.364887986470628e-04	-8.851658e-01	-8.634195e-01	-7.195162e-04
3.462544236470626e-04	-9.354637e-01	-9.177443e-01	-7.647870e-04
3.560200486470624e-04	-9.716913e-01	-9.582770e-01	-7.985642e-04
3.657856736470622e-04	-9.933038e-01	-9.851412e-01	-8.209510e-04
3.736320620321525e-04	-9.998522e-01	-9.958657e-01	-8.298881e-04
3.819915204769184e-04	-9.961430e-01	-9.955708e-01	-8.296423e-04
3.917571454769182e-04	-9.779106e-01	-9.815438e-01	-8.179532e-04
4.015227704769180e-04	-9.449695e-01	-9.533070e-01	-7.944225e-04
4.112883954769178e-04	-8.978152e-01	-9.107432e-01	-7.589527e-04
4.210540204769176e-04	-8.371570e-01	-8.544921e-01	-7.120768e-04
4.308196454769174e-04	-7.639070e-01	-7.853994e-01	-6.544995e-04
4.405852704769172e-04	-6.791673e-01	-7.045043e-01	-5.870869e-04
4.503508954769170e-04	-5.842122e-01	-6.130234e-01	-5.108528e-04
4.601165204769168e-04	-4.804700e-01	-5.123326e-01	-4.269438e-04
4.698821454769166e-04	-3.695011e-01	-4.039462e-01	-3.366218e-04
4.796477704769164e-04	-2.529746e-01	-2.894944e-01	-2.412453e-04
4.894133954769161e-04	-1.326431e-01	-1.706986e-01	-1.422488e-04
4.991790204769159e-04	-1.031655e-02	-4.934554e-02	-4.112128e-05
5.089446454769157e-04	1.121652e-01	7.273965e-02	6.061638e-05
5.187102704769155e-04	2.329599e-01	1.937208e-01	1.614340e-04
5.284758954769153e-04	3.502506e-01	3.117782e-01	2.598152e-04
5.382415204769151e-04	4.622733e-01	4.251364e-01	3.542803e-04
5.480071454769149e-04	5.673429e-01	5.320904e-01	4.434087e-04
5.577727704769147e-04	6.638792e-01	6.310315e-01	5.258597e-04
5.675383954769145e-04	7.504300e-01	7.204717e-01	6.003932e-04
5.773040204769143e-04	8.256938e-01	7.990659e-01	6.658882e-04
5.870696454769141e-04	8.885383e-01	8.656319e-01	7.213600e-04
5.968352704769139e-04	9.380184e-01	9.191687e-01	7.659739e-04
6.066008954769136e-04	9.733899e-01	9.588709e-01	7.990592e-04
6.163665204769134e-04	9.941205e-01	9.847362e-01	8.206135e-04
6.245778444628741e-04	9.999859e-01	9.951799e-01	8.293166e-04
6.323430913655666e-04	9.957456e-01	9.942337e-01	8.285281e-04
6.421087163655664e-04	9.769776e-01	9.794533e-01	8.162111e-04
6.518743413655662e-04	9.435149e-01	9.507028e-01	7.922524e-04
6.616399663655660e-04	8.958609e-01	9.076446e-01	7.563705e-04
6.714055913655658e-04	8.347323e-01	8.509260e-01	7.091050e-04
6.811712163655656e-04	7.610486e-01	7.813998e-01	6.511665e-04
6.909368413655654e-04	6.759179e-01	7.001120e-01	5.834267e-04
7.007024663655652e-04	5.806209e-01	6.082852e-01	5.069043e-04
7.104680913655650e-04	4.765908e-01	5.073006e-01	4.227505e-04
7.202337163655648e-04	3.653922e-01	3.986771e-01	3.322309e-04
7.299993413655646e-04	2.486979e-01	2.840488e-01	2.367073e-04
7.397649663655644e-04	1.282629e-01	1.651397e-01	1.376164e-04
7.495305913655641e-04	5.898729e-03	4.373842e-02	3.644868e-05
7.592962163655639e-04	-1.165542e-01	-7.832897e-02	-6.527414e-05
7.690618413655637e-04	-2.372540e-01	-1.992264e-01	-1.660220e-04
7.788274663655635e-04	-3.543853e-01	-3.171354e-01	-2.642795e-04
7.885930913655633e-04	-4.661863e-01	-4.302824e-01	-3.585687e-04
7.983587163655631e-04	-5.709755e-01	-5.369656e-01	-4.474713e-04
8.081243413655629e-04	-6.671766e-01	-6.355802e-01	-5.296502e-04
8.178899663655627e-04	-7.533428e-01	-7.246430e-01	-6.038692e-04
8.276555913655625e-04	-8.281780e-01	-8.028142e-01	-6.690118e-04
8.374212163655623e-04	-8.905566e-01	-8.689182e-01	-7.240985e-04
8.471868413655621e-04	-9.395404e-01	-9.219604e-01	-7.683004e-04
8.569524663655619e-04	-9.743927e-01	-9.611431e-01	-8.009526e-04
8.667180913655616e-04	-9.945892e-01	-9.863871e-01	-8.219893e-04
8.751502838399757e-04	-9.999982e-01	-9.965504e-01	-8.304587e-04
8.827447099053710e-04	-9.952679e-01	-9.951025e-01	-8.292521e-04
8.925103349053708e-04	-9.758884e-01	-9.796358e-01	-8.163632e-04
9.022759599053706e-04	-9.418307e-01	-9.502781e-01	-7.918985e-04
9.120415849053704e-04	-8.936070e-01	-9.066353e-01	-7.555294e-04
9.218072099053702e-04	-8.319426e-01	-8.493631e-01	-7.078026e-04
9.315728349053700e-04	-7.577650e-01	-7.793227e-01	-6.494356e-04
9.413384599053698e-04	-6.721899e-01	-6.975677e-01	-5.813064e-04
9.511040849053696e-04	-5.765045e-01	-6.053276e-01	-5.044396e-04
9.608697099053693e-04	-4.721479e-01	-5.039896e-01	-4.199914e-04
9.706353349053691e-04	-3.606897e-01	-3.950780e-01	-3.292317e-04
9.804009599053689e-04	-2.438064e-01	-2.802309e-01	-2.335257e-04
9.901665849053687e-04	-1.232561e-01	-1.611755e-01	-1.343129e-04
9.999322099053685e-04	-8.518753e-04	-3.970261e-02	-3.308551e-05
1.009697834905368e-03	1.215652e-01	8.236086e-02	6.863405e-05
1.019463459905368e-03	2.421537e-01	2.031790e-01	1.693158e-04
1.029229084905368e-03	3.591001e-01	3.209346e-01	2.674455e-04
1.038994709905368e-03	4.706453e-01	4.338566e-01	3.615472e-04
1.048760334905367e-03	5.751115e-01	5.402466e-01	4.502055e-04
1.058525959905367e-03	6.709275e-01	6.385045e-01	5.320871e-04
1.068291584905367e-03	7.566522e-01	7.271523e-01	6.059603e-04
1.078057209905367e-03	8.309960e-01	8.048569e-01	6.707141e-04
1.087822834905367e-03	8.928410e-01	8.704494e-01	7.253746e-04
1.097588459905366e-03	9.412568e-01	9.229435e-01	7.691196e-04
1.107354084905366e-03	9.755151e-01	9.615495e-01	8.012913e-04
1.117119709905366e-03	9.951009e-01	9.861009e-01	8.217507e-04
1.125804189947218e-03	9.999489e-01	9.957159e-01	8.297632e-04
1.133809468792804e-03	9.938787e-01	9.931938e-01	8.276615e-04
1.143575093792804e-03	9.728807e-01	9.762726e-01	8.135606e-04
1.153340718792804e-03	9.372497e-01	9.453394e-01	7.877828e-04
1.163106343792804e-03	8.875215e-01	9.001819e-01	7.501516e-04
1.172871968792804e-03	8.244442e-01	8.414792e-01	7.012327e-04
1.182637593792803e-03	7.489665e-01	7.701141e-01	6.417618e-04
1.192403218792803e-03	6.622236e-01	6.871600e-01	5.726333e-04
1.202168843792803e-03	5.655203e-01	5.938647e-01	4.948872e-04
1.211934468792803e-03	4.603111e-01	4.916315e-01	4.096929e-04
1.221700093792803e-03	3.481783e-01	3.819981e-01	3.183317e-04
1.231465718792802e-03	2.308086e-01	2.666135e-01	2.221779e-04
1.241231343792802e-03	1.099673e-01	1.472133e-01	1.226777e-04
1.250996968792802e-03	-1.252795e-02	2.559339e-02	2.132783e-05
1.260762593792802e-03	-1.348348e-01	-9.641688e-02	-8.034740e-05
1.270528218792802e-03	-2.551136e-01	-2.169823e-01	-1.808186e-04
1.280293843792801e-03	-3.715553e-01	-3.342895e-01	-2.785746e-04
1.290059468792801e-03	-4.824084e-01	-4.465739e-01	-3.721449e-04
1.299825093792801e-03	-5.860057e-01	-5.521467e-01	-4.601222e-04
1.309590718792801e-03	-6.807889e-01	-6.494199e-01	-5.411832e-04
1.319356343792800e-03	-7.653323e-01	-7.369304e-01	-6.141086e-04
1.329121968792800e-03	-8.383645e-01	-8.133618e-01	-6.778015e-04
1.338887593792800e-03	-8.987869e-01	-8.775646e-01	-7.313038e-04
1.348653218792800e-03	-9.456907e-01	-9.285731e-01	-7.738109e-04
1.358418843792800e-03	-9.783704e-01	-9.656200e-01	-8.046833e-04
1.368184468792799e-03	-9.963346e-01	-9.881480e-01	-8.234566e-04
1.377950093792799e-03	-9.993129e-01	-9.959766e-01	-8.299804e-04
1.387303267842977e-03	-9.880720e-01	-9.892835e-01	-8.244029e-04
1.397068892842977e-03	-9.617910e-01	-9.675815e-01	-8.063178e-04
1.406834517842977e-03	-9.210437e-01	-9.314892e-01	-7.762410e-04
1.416600142842977e-03	-8.664431e-01	-8.813912e-01	-7.344927e-04
1.426365767842976e-03	-7.988103e-01	-8.180410e-01	-6.817009e-04
1.436131392842976e-03	-7.191627e-01	-7.423913e-01	-6.186595e-04
1.445897017842976e-03	-6.286982e-01	-6.555801e-01	-5.463168e-04
1.455662642842976e-03	-5.287775e-01	-5.589129e-01	-4.657608e-04
1.465428267842976e-03	-4.209036e-01	-4.538437e-01	-3.782031e-04
1.475193892842975e-03	-3.066988e-01	-3.419528e-01	-2.849606e-04
1.484959517842975e-03	-1.878810e-01	-2.249230e-01	-1.874359e-04
1.494725142842975e-03	-6.623728e-02	-1.045147e-01	-8.709558e-05
1.504490767842975e-03	5.640271e-02	1.746124e-02	1.455103e-05
1.514256392842975e-03	1.781943e-01	1.391702e-01	1.159751e-04
1.524022017842974e-03	2.973058e-01	2.587815e-01	2.156513e-04
1.533787642842974e-03	4.119454e-01	3.744963e-01	3.120802e-04
1.543553267842974e-03	5.203891e-01	4.845740e-01	4.038116e-04
1.553318892842974e-03	6.210055e-01	5.873590e-01	4.894658e-04
1.563084517842974e-03	7.122815e-01	6.813053e-01	5.677545e-04
1.572850142842973e-03	7.928442e-01	7.650001e-01	6.375001e-04
1.582615767842973e-03	8.614817e-01	8.371845e-01	6.976537e-04
1.592381392842973e-03	9.171616e-01	8.967727e-01	7.473106e-04
1.602147017842973e-03	9.590467e-01	9.428685e-01	7.857238e-04
1.611912642842972e-03	9.865068e-01	9.747787e-01	8.123156e-04
1.621678267842972e-03	9.991289e-01	9.920922e-01	8.267435e-04
1.631264767667054e-03	9.969028e-01	9.945042e-01	8.287535e-04
1.641030392667054e-03	9.797787e-01	9.820685e-01	8.183904e-04
1.650796017667054e-03	9.479179e-01	9.549266e-01	7.957721e-04
1.660561642667054e-03	9.017995e-01	9.134179e-01	7.611816e-04
1.670327267667054e-03	8.421172e-01	8.581667e-01	7.151390e-04
1.680092892667053e-03	7.697687e-01	7.900041e-01	6.583368e-04
1.689858517667053e-03	6.858421e-01	7.099553e-01	5.916294e-04
1.699624142667053e-03	5.915998e-01	6.192244e-01	5.160203e-04
1.709389767667053e-03	4.884593e-01	5.191761e-01	4.326467e-04
1.719155392667053e-03	3.779719e-01	4.113151e-01	3.427626e-04
1.728921017667052e-03	2.617995e-01	2.972640e-01	2.477200e-04
1.738686642667052e-03	1.416894e-01	1.787381e-01	1.489485e-04
1.748452267667052e-03	1.944815e-02	5.752026e-02	4.793355e-05
1.758217892667052e-03	-1.030856e-01	-6.456634e-02	-5.380528e-05
1.767983517667051e-03	-2.240689e-01	-1.856853e-01	-1.547378e-04
1.777749142667051e-03	-3.416820e-01	-3.040150e-01	-2.533458e-04
1.787514767667051e-03	-4.541558e-01	-4.177754e-01	-3.481462e-04
1.797280392667051e-03	-5.597988e-01	-5.252556e-01	-4.377130e-04
1.807046017667051e-03	-6.570218e-01	-6.248388e-01	-5.206990e-04
1.816811642667050e-03	-7.443627e-01	-7.150273e-01	-5.958561e-04
1.826577267667050e-03	-8.205075e-01	-7.944645e-01	-6.620538e-04
1.836342892667050e-03	-8.843113e-01	-8.619555e-01	-7.182963e-04
1.846108517667050e-03	-9.348141e-01	-9.164852e-01	-7.637377e-04
1.855874142667050e-03	-9.712565e-01	-9.572335e-01	-7.976946e-04
1.865639767667049e-03	-9.930903e-01	-9.843556e-01	-8.202964e-04
1.873394482290243e-03	-9.997965e-01	-9.951454e-01	-8.292878e-04
1.881903190382650e-03	-9.962397e-01	-9.950364e-01	-8.291970e-04
1.891668815382649e-03	-9.781420e-01	-9.812059e-01	-8.176715e-04
1.901434440382649e-03	-9.453321e-01	-9.531052e-01	-7.942544e-04
1.911200065382649e-03	-8.983034e-01	-9.106728e-01	-7.588940e-04
1.920965690382649e-03	-8.377635e-01	-8.545462e-01	-7.121218e-04
1.930731315382649e-03	-7.646229e-01	-7.855695e-01	-6.546412e-04
1.940496940382648e-03	-6.799816e-01	-7.047801e-01	-5.873168e-04
1.950262565382648e-03	-5.851127e-01	-6.133931e-01	-5.111609e-04
1.960028190382648e-03	-4.814432e-01	-5.127831e-01	-4.273192e-04
1.969793815382648e-03	-3.705324e-01	-4.044632e-01	-3.370527e-04
1.979559440382648e-03	-2.540483e-01	-2.900627e-01	-2.417189e-04
1.989325065382647e-03	-1.337432e-01	-1.713023e-01	-1.427519e-04
1.999090690382647e-03	-1.142647e-02	-4.996812e-02	-4.164010e-05
2.008856315382647e-03	1.110621e-01	7.211476e-02	6.009563e-05
2.018621940382647e-03	2.318803e-01	1.931102e-01	1.609251e-04
2.028387565382647e-03	3.492107e-01	3.111983e-01	2.593319e-04
2.038153190382646e-03	4.612887e-01	4.246029e-01	3.538357e-04
2.047918815382646e-03	5.664285e-01	5.316184e-01	4.430153e-04
2.057684440382646e-03	6.630486e-01	6.306351e-01	5.255292e-04
2.067450065382646e-03	7.496960e-01	7.201638e-01	6.001365e-04
2.077215690382645e-03	8.250671e-01	7.988579e-01	6.657149e-04
2.086981315382645e-03	8.880285e-01	8.655338e-01	7.212781e-04
2.096746940382645e-03	9.376332e-01	9.191886e-01	7.659905e-04
2.106512565382645e-03	9.731349e-01	9.590154e-01	7.991795e-04
2.116278190382645e-03	9.939998e-01	9.850308e-01	8.208590e-04
2.124434020123375e-03	9.999747e-01	9.955202e-01	8.296001e-04
2.132289632769744e-03	9.958073e-01	9.946648e-01	8.288874e-04
2.142055257769743e-03	9.771207e-01	9.799972e-01	8.166643e-04
2.151820882769743e-03	9.437373e-01	9.513229e-01	7.927691e-04
2.161586507769743e-03	8.961592e-01	9.083380e-01	7.569484e-04
2.171352132769743e-03	8.351020e-01	8.516886e-01	7.097404e-04
2.181117757769743e-03	7.614841e-01	7.822264e-01	6.518554e-04
2.190883382769742e-03	6.764129e-01	7.009965e-01	5.841637e-04
2.200649007769742e-03	5.811677e-01	6.092203e-01	5.076836e-04
2.210414632769742e-03	4.771812e-01	5.082785e-01	4.235654e-04
2.220180257769742e-03	3.660175e-01	3.996893e-01	3.330744e-04
2.229945882769742e-03	2.493485e-01	2.850859e-01	2.375716e-04
2.239711507769741e-03	1.289291e-01	1.661922e-01	1.384935e-04
2.249477132769741e-03	6.570496e-03	4.479642e-02	3.733035e-05
2.259242757769741e-03	-1.158869e-01	-7.727550e-02	-6.439626e-05
2.269008382769741e-03	-2.366014e-01	-1.981875e-01	-1.651562e-04
2.278774007769740e-03	-3.537571e-01	-3.161208e-01	-2.634340e-04
2.288539632769740e-03	-4.655919e-01	-4.293017e-01	-3.577515e-04
2.298305257769740e-03	-5.704238e-01	-5.360278e-01	-4.466899e-04
2.308070882769740e-03	-6.666760e-01	-6.346939e-01	-5.289116e-04
2.317836507769740e-03	-7.529008e-01	-7.238157e-01	-6.031798e-04
2.327602132769739e-03	-8.278013e-01	-8.020530e-01	-6.683775e-04
2.337367757769739e-03	-8.902509e-01	-8.682288e-01	-7.235240e-04
2.347133382769739e-03	-9.393102e-01	-9.213479e-01	-7.677899e-04
2.356899007769739e-03	-9.742414e-01	-9.606112e-01	-8.005094e-04
2.366664632769739e-03	-9.945192e-01	-9.862796e-01	-8.218997e-04
2.374204368790645e-03	-9.999500e-01	-9.958407e-01	-8.298673e-04
2.382204270294317e-03	-9.959048e-01	-9.949721e-01	-8.291434e-04
2.391969895294317e-03	-9.773483e-01	-9.804871e-01	-8.170726e-04
2.401735520294317e-03	-9.440914e-01	-9.519376e-01	-7.932813e-04
2.411501145294316e-03	-8.966346e-01	-9.090728e-01	-7.575607e-04
2.421266770294316e-03	-8.356916e-01	-8.525370e-01	-7.104475e-04
2.431032395294316e-03	-7.621790e-01	-7.831802e-01	-6.526501e-04
2.440798020294316e-03	-6.772025e-01	-7.020456e-01	-5.850380e-04
2.450563645294316e-03	-5.820403e-01	-6.103535e-01	-5.086280e-04
2.460329270294315e-03	-4.781236e-01	-5.094830e-01	-4.245692e-04
2.470094895294315e-03	-3.670155e-01	-4.009514e-01	-3.341262e-04
2.479860520294315e-03	-2.503872e-01	-2.863910e-01	-2.386591e-04
2.489626145294315e-03	-1.299928e-01	-1.675248e-01	-1.396040e-04
2.499391770294315e-03	-7.643166e-03	-4.614069e-02	-3.845058e-05
2.509157395294314e-03	1.148214e-01	7.593554e-02	6.327962e-05
2.518923020294314e-03	2.355590e-01	1.968678e-01	1.640565e-04
2.528688645294314e-03	3.527535e-01	3.148372e-01	2.623644e-04
2.538454270294314e-03	4.646423e-01	4.280694e-01	3.567245e-04
2.548219895294314e-03	5.695424e-01	5.348613e-01	4.457177e-04
2.557985520294313e-03	6.658762e-01	6.336065e-01	5.280054e-04
2.567751145294313e-03	7.521944e-01	7.228200e-01	6.023500e-04
2.577516770294313e-03	8.271990e-01	8.011599e-01	6.676333e-04
2.587282395294313e-03	8.897617e-01	8.674479e-01	7.228732e-04
2.597048020294312e-03	9.389417e-01	9.206869e-01	7.672391e-04
2.606813645294312e-03	9.739990e-01	9.600763e-01	8.000635e-04
2.616579270294312e-03	9.944065e-01	9.855670e-01	8.213058e-04
2.624924252703537e-03	9.999995e-01	9.958834e-01	8.299028e-04
2.632471846126369e-03	9.955952e-01	9.947182e-01	8.289319e-04
2.642237471126368e-03	9.766311e-01	9.796540e-01	8.163783e-04
2.652003096126368e-03	9.429776e-01	9.507076e-01	7.922563e-04
2.661768721126368e-03	8.951408e-01	9.074607e-01	7.562173e-04
2.671534346126368e-03	8.338403e-01	8.505633e-01	7.088028e-04
2.681299971126368e-03	7.599980e-01	7.808710e-01	6.507259e-04
2.691065596126367e-03	6.747246e-01	6.994321e-01	5.828601e-04
2.700831221126367e-03	5.793028e-01	6.074713e-01	5.062261e-04
2.710596846126367e-03	4.751677e-01	5.063721e-01	4.219768e-04
2.720362471126367e-03	3.638857e-01	3.976550e-01	3.313791e-04
2.730128096126366e-03	2.471304e-01	2.829551e-01	2.357959e-04
2.739893721126366e-03	1.266581e-01	1.639977e-01	1.366648e-04
2.749659346126366e-03	4.280770e-03	4.257209e-02	3.547674e-05
2.759424971126366e-03	-1.181610e-01	-7.949542e-02	-6.624618e-05
2.769190596126366e-03	-2.388255e-01	-2.003688e-01	-1.669740e-04
2.778956221126365e-03	-3.558978e-01	-3.182300e-01	-2.651917e-04
2.788721846126365e-03	-4.676171e-01	-4.313062e-01	-3.594218e-04
2.798487471126365e-03	-5.723030e-01	-5.378967e-01	-4.482472e-04
2.808253096126365e-03	-6.683810e-01	-6.363982e-01	-5.303319e-04
2.818018721126365e-03	-7.544058e-01	-7.253292e-01	-6.044410e-04
2.827784346126364e-03	-8.290837e-01	-8.033520e-01	-6.694600e-04
2.837549971126364e-03	-8.912914e-01	-8.692932e-01	-7.244110e-04
2.847315596126364e-03	-9.400933e-01	-9.221608e-01	-7.684673e-04
2.857081221126364e-03	-9.747553e-01	-9.611596e-01	-8.009664e-04
2.866846846126364e-03	-9.947560e-01	-9.861826e-01	-8.218189e-04
2.875359922286253e-03	-9.999897e-01	-9.961764e-01	-8.301470e-04
2.883086067357289e-03	-9.948419e-01	-9.943959e-01	-8.286632e-04
2.892851692357289e-03	-9.749432e-01	-9.784635e-01	-8.153863e-04
2.902617317357289e-03	-9.403803e-01	-9.486011e-01	-7.905010e-04
2.912382942357288e-03	-8.916734e-01	-9.044727e-01	-7.537273e-04
2.922148567357288e-03	-8.295548e-01	-8.467417e-01	-7.056181e-04
2.931914192357288e-03	-7.549589e-01	-7.762762e-01	-6.468968e-04
2.941679817357288e-03	-6.690078e-01	-6.941360e-01	-5.784467e-04
2.951445442357288e-03	-5.729942e-01	-6.015567e-01	-5.012972e-04
2.961211067357287e-03	-4.683621e-01	-4.999306e-01	-4.166088e-04
2.970976692357287e-03	-3.566855e-01	-3.907863e-01	-3.256553e-04
2.980742317357287e-03	-2.396440e-01	-2.757655e-01	-2.298046e-04
2.990507942357287e-03	-1.189981e-01	-1.565981e-01	-1.304984e-04
3.000273567357287e-03	3.437742e-03	-3.507657e-02	-2.923048e-05
3.010039192357286e-03	1.258218e-01	8.697139e-02	7.247616e-05
3.019804817357286e-03	2.463135e-01	2.077100e-01	1.730917e-04
3.029570442357286e-03	3.631003e-01	3.253233e-01	2.711028e-04
3.039336067357286e-03	4.744258e-01	4.380423e-01	3.650353e-04
3.049101692357285e-03	5.786154e-01	5.441716e-01	4.534763e-04
3.058867317357285e-03	6.741022e-01	6.421149e-01	5.350957e-04
3.068632942357285e-03	7.594498e-01	7.303990e-01	6.086658e-04
3.078398567357285e-03	8.333746e-01	8.076961e-01	6.730801e-04
3.088164192357285e-03	8.947647e-01	8.728436e-01	7.273697e-04
3.097929817357284e-03	9.426966e-01	9.248616e-01	7.707180e-04
3.107695442357284e-03	9.764495e-01	9.629678e-01	8.024731e-04
3.117461067357284e-03	9.955158e-01	9.865888e-01	8.221574e-04
3.127226692357284e-03	9.996085e-01	9.957026e-01	8.297521e-04
3.136125581864894e-03	9.902427e-01	9.906639e-01	8.255533e-04
3.145891206864894e-03	9.657373e-01	9.705710e-01	8.088092e-04
3.155656831864894e-03	9.267064e-01	9.362119e-01	7.801765e-04
3.165422456864893e-03	8.737369e-01	8.877702e-01	7.398085e-04
3.175188081864893e-03	8.076255e-01	8.259746e-01	6.883121e-04
3.184953706864893e-03	7.293667e-01	7.517545e-01	6.264620e-04
3.194719331864893e-03	6.401376e-01	6.662262e-01	5.551885e-04
3.204484956864893e-03	5.412802e-01	5.706763e-01	4.755636e-04
3.214250581864892e-03	4.342815e-01	4.665418e-01	3.887849e-04
3.224016206864892e-03	3.207507e-01	3.553891e-01	2.961576e-04
3.233781831864892e-03	2.023956e-01	2.388900e-01	1.990750e-04
3.243547456864892e-03	8.099622e-02	1.187968e-01	9.899732e-05
3.253313081864891e-03	-4.162139e-02	-3.084258e-03	-2.570214e-06
3.263078706864891e-03	-1.636130e-01	-1.249199e-01	-1.040999e-04
3.272844331864891e-03	-2.831437e-01	-2.448776e-01	-2.040647e-04
3.282609956864891e-03	-3.984156e-01	-3.611531e-01	-3.009609e-04
3.292375581864891e-03	-5.076950e-01	-4.719975e-01	-3.933312e-04
3.302141206864890e-03	-6.093382e-01	-5.757435e-01	-4.797863e-04
3.311906831864890e-03	-7.018164e-01	-6.708308e-01	-5.590257e-04
3.321672456864890e-03	-7.837387e-01	-7.558291e-01	-6.298576e-04
3.331438081864890e-03	-8.538727e-01	-8.294600e-01	-6.912166e-04
3.341203706864890e-03	-9.111637e-01	-8.906159e-01	-7.421799e-04
3.350969331864889e-03	-9.547500e-01	-9.383770e-01	-7.819809e-04
3.360734956864889e-03	-9.839759e-01	-9.720250e-01	-8.100209e-04
3.370500581864889e-03	-9.984019e-01	-9.910538e-01	-8.258782e-04
3.380266206864889e-03	-9.978111e-01	-9.951771e-01	-8.293142e-04
3.390031831864889e-03	-9.822122e-01	-9.843328e-01	-8.202774e-04
3.399797456864888e-03	-9.518400e-01	-9.586842e-01	-7.989035e-04
3.409563081864888e-03	-9.071512e-01	-9.186170e-01	-7.655141e-04
3.419328706864888e-03	-8.488179e-01	-8.647337e-01	-7.206114e-04
3.429094331864888e-03	-7.777177e-01	-7.978449e-01	-6.648707e-04
3.438859956864888e-03	-6.949199e-01	-7.189566e-01	-5.991305e-04
3.448625581864887e-03	-6.016698e-01	-6.292554e-01	-5.243795e-04
3.458391206864887e-03	-4.993700e-01	-5.300905e-01	-4.417420e-04
3.468156831864887e-03	-3.895593e-01	-4.229533e-01	-3.524611e-04
3.477922456864887e-03	-2.738892e-01	-3.094553e-01	-2.578794e-04
3.487688081864886e-03	-1.540996e-01	-1.913037e-01	-1.594197e-04
3.497453706864886e-03	-3.199220e-02	-7.027546e-02	-5.856289e-05
3.507219331864886e-03	9.059641e-02	5.180895e-02	4.317413e-05
3.516984956864886e-03	2.118224e-01	1.731133e-01	1.442611e-04
3.526750581864886e-03	3.298623e-01	2.918131e-01	2.431776e-04
3.536516206864885e-03	4.429408e-01	4.061230e-01	3.384358e-04
3.546281831864885e-03	5.493571e-01	5.143236e-01	4.286030e-04
3.556047456864885e-03	6.475105e-01	6.147875e-01	5.123229e-04
3.565813081864885e-03	7.359248e-01	7.060037e-01	5.883364e-04
3.575578706864885e-03	8.132701e-01	7.866002e-01	6.555002e-04
3.585344331864884e-03	8.783830e-01	8.553647e-01	7.128040e-04
3.595109956864884e-03	9.302843e-01	9.112630e-01	7.593859e-04
3.604875581864884e-03	9.681932e-01	9.534544e-01	7.945453e-04
3.614641206864884e-03	9.915395e-01	9.820263e-01	8.183552e-04
3.622513901944725e-03	9.995120e-01	9.939654e-01	8.283044e-04
3.631575709335348e-03	9.965879e-01	9.947541e-01	8.289618e-04
3.641341334335348e-03	9.789894e-01	9.816383e-01	8.180319e-04
3.651106959335348e-03	9.466661e-01	9.540291e-01	7.950243e-04
3.660872584335347e-03	9.001040e-01	9.120702e-01	7.600585e-04
3.670638209335347e-03	8.400035e-01	8.563924e-01	7.136603e-04
3.680403834335347e-03	7.672686e-01	7.878329e-01	6.565274e-04
3.690169459335347e-03	6.829932e-01	7.074229e-01	5.895190e-04
3.699935084335347e-03	5.884450e-01	6.163718e-01	5.136432e-04
3.709700709335346e-03	4.850461e-01	5.160492e-01	4.300410e-04
3.719466334335346e-03	3.743515e-01	4.079641e-01	3.399701e-04
3.729231959335346e-03	2.580264e-01	2.937420e-01	2.447850e-04
3.738997584335346e-03	1.378204e-01	1.751011e-01	1.459175e-04
3.748763209335346e-03	1.554134e-02	5.382571e-02	4.485476e-05
3.758528834335345e-03	-1.069714e-01	-6.825992e-02	-5.688327e-05
3.768294459335345e-03	-2.278752e-01	-1.893196e-01	-1.577663e-04
3.778060084335345e-03	-3.453516e-01	-3.075324e-01	-2.562770e-04
3.787825709335345e-03	-4.576336e-01	-4.211203e-01	-3.509336e-04
3.797591334335344e-03	-5.630323e-01	-5.283749e-01	-4.403124e-04
3.807356959335344e-03	-6.599625e-01	-6.276828e-01	-5.230691e-04
3.817122584335344e-03	-7.469662e-01	-7.175506e-01	-5.979588e-04
3.826888209335344e-03	-8.227349e-01	-7.966264e-01	-6.638553e-04
3.836653834335344e-03	-8.861288e-01	-8.637208e-01	-7.197674e-04
3.846419459335343e-03	-9.361947e-01	-9.178247e-01	-7.648540e-04
3.856185084335343e-03	-9.721792e-01	-9.581244e-01	-7.984370e-04
3.865950709335343e-03	-9.935412e-01	-9.847076e-01	-8.205897e-04
3.873900789393964e-03	-9.999046e-01	-9.953616e-01	-8.294680e-04
3.882091421824136e-03	-9.960320e-01	-9.948733e-01	-8.290611e-04
3.891857046824136e-03	-9.776474e-01	-9.806349e-01	-8.171957e-04
3.901622671824136e-03	-9.445580e-01	-9.522546e-01	-7.935455e-04
3.911388296824136e-03	-8.972617e-01	-9.095528e-01	-7.579607e-04
3.921153921824135e-03	-8.364696e-01	-8.531713e-01	-7.109761e-04
3.930919546824135e-03	-7.630963e-01	-7.839578e-01	-6.532982e-04
3.940685171824135e-03	-6.782453e-01	-7.029535e-01	-5.857946e-04
3.950450796824135e-03	-5.831929e-01	-6.113765e-01	-5.094804e-04
3.960216421824135e-03	-4.793687e-01	-5.106045e-01	-4.255037e-04
3.969982046824134e-03	-3.683343e-01	-4.021530e-01	-3.351275e-04
3.979747671824134e-03	-2.517599e-01	-2.876532e-01	-2.397110e-04
3.989513296824134e-03	-1.313987e-01	-1.688274e-01	-1.406895e-04
3.999278921824134e-03	-9.061212e-03	-4.746275e-02	-3.955229e-05
4.009044546824134e-03	1.134126e-01	7.461526e-02	6.217939e-05
4.018810171824133e-03	2.341805e-01	1.955705e-01	1.629754e-04
4.028575796824133e-03	3.514262e-01	3.135837e-01	2.613197e-04
4.038341421824133e-03	4.633861e-01	4.268798e-01	3.557332e-04
4.048107046824133e-03	5.683762e-01	5.337547e-01	4.447956e-04
4.057872671824132e-03	6.648175e-01	6.326010e-01	5.271675e-04
4.067638296824132e-03	7.512592e-01	7.219319e-01	6.016099e-04
4.077403921824132e-03	8.264014e-01	8.004038e-01	6.670032e-04
4.087169546824132e-03	8.891136e-01	8.668364e-01	7.223637e-04
4.096935171824132e-03	9.384528e-01	9.202306e-01	7.668588e-04
4.106700796824131e-03	9.736767e-01	9.597831e-01	7.998192e-04
4.116466421824131e-03	9.942557e-01	9.854698e-01	8.212248e-04
4.124740508748371e-03	9.999947e-01	9.958525e-01	8.298770e-04
4.132403551621383e-03	9.956753e-01	9.947996e-01	8.289996e-04
4.142169176621383e-03	9.768152e-01	9.798831e-01	8.165692e-04
4.151934801621382e-03	9.432629e-01	9.510378e-01	7.925315e-04
4.161700426621382e-03	8.955231e-01	9.078884e-01	7.565736e-04
4.171466051621382e-03	8.343137e-01	8.510830e-01	7.092358e-04
4.181231676621382e-03	7.605555e-01	7.814761e-01	6.512302e-04
4.190997301621382e-03	6.753578e-01	7.001147e-01	5.834289e-04
4.200762926621381e-03	5.800021e-01	6.082224e-01	5.068519e-04
4.210528551621381e-03	4.759227e-01	5.071813e-01	4.226511e-04
4.220294176621381e-03	3.646849e-01	3.985112e-01	3.320927e-04
4.230059801621381e-03	2.479619e-01	2.838467e-01	2.365389e-04
4.239825426621381e-03	1.275094e-01	1.649123e-01	1.374269e-04
4.249591051621380e-03	5.138974e-03	4.349706e-02	3.624755e-05
4.259356676621380e-03	-1.173087e-01	-7.857293e-02	-6.547744e-05
4.269122301621380e-03	-2.379920e-01	-1.994616e-01	-1.662180e-04
4.278887926621380e-03	-3.550957e-01	-3.173506e-01	-2.644589e-04
4.288653551621380e-03	-4.668583e-01	-4.304669e-01	-3.587224e-04
4.298419176621379e-03	-5.715991e-01	-5.371090e-01	-4.475908e-04
4.308184801621379e-03	-6.677424e-01	-6.356729e-01	-5.297274e-04
4.317950426621379e-03	-7.538422e-01	-7.246763e-01	-6.038969e-04
4.327716051621379e-03	-8.286036e-01	-8.027802e-01	-6.689835e-04
4.337481676621379e-03	-8.909020e-01	-8.688100e-01	-7.240084e-04
4.347247301621378e-03	-9.398004e-01	-9.217726e-01	-7.681439e-04
4.357012926621378e-03	-9.745633e-01	-9.608713e-01	-8.007261e-04
4.366778551621378e-03	-9.946679e-01	-9.860138e-01	-8.216782e-04
4.375248725519378e-03	-9.999951e-01	-9.961001e-01	-8.300834e-04
4.382905004117812e-03	-9.950701e-01	-9.944990e-01	-8.287492e-04
4.392670629117812e-03	-9.754468e-01	-9.788159e-01	-8.156800e-04
4.402436254117812e-03	-9.411518e-01	-9.492234e-01	-7.910195e-04
4.412201879117812e-03	-8.927010e-01	-9.053546e-01	-7.544621e-04
4.421967504117811e-03	-8.308232e-01	-8.478690e-01	-7.065575e-04
4.431733129117811e-03	-7.564490e-01	-7.776310e-01	-6.480259e-04
4.441498754117811e-03	-6.706972e-01	-6.956971e-01	-5.797476e-04
4.451264379117811e-03	-5.748574e-01	-6.032996e-01	-5.027497e-04
4.461030004117811e-03	-4.703712e-01	-5.018282e-01	-4.181902e-04
4.470795629117810e-03	-3.588102e-01	-3.928092e-01	-3.273410e-04
4.480561254117810e-03	-2.418524e-01	-2.778823e-01	-2.315686e-04
4.490326879117810e-03	-1.212569e-01	-1.587762e-01	-1.323135e-04
4.500092504117810e-03	1.162441e-03	-3.728216e-02	-3.106846e-05
4.509858129117810e-03	1.235643e-01	8.477228e-02	7.064357e-05
4.519623754117809e-03	2.441076e-01	2.055514e-01	1.712928e-04
4.529389379117809e-03	3.609793e-01	3.232384e-01	2.693654e-04
4.539155004117809e-03	4.724216e-01	4.360634e-01	3.633861e-04
4.548920629117809e-03	5.767582e-01	5.423293e-01	4.519410e-04
4.558686254117809e-03	6.724198e-01	6.404376e-01	5.336981e-04
4.568451879117808e-03	7.579676e-01	7.289129e-01	6.074275e-04
4.578217504117808e-03	8.321149e-01	8.064244e-01	6.720204e-04
4.587983129117808e-03	8.937463e-01	8.718063e-01	7.265052e-04
4.597748754117808e-03	9.419351e-01	9.240750e-01	7.700626e-04
4.607514379117808e-03	9.759561e-01	9.624445e-01	8.020371e-04
4.617280004117807e-03	9.952980e-01	9.867132e-01	8.222610e-04
4.626065169247933e-03	9.999104e-01	9.960900e-01	8.300750e-04
4.634234414839937e-03	9.932746e-01	9.931059e-01	8.275883e-04
4.644000039839937e-03	9.716316e-01	9.755992e-01	8.129993e-04
4.653765664839936e-03	9.353744e-01	9.440327e-01	7.866939e-04
4.663531289839936e-03	8.850483e-01	8.982673e-01	7.485560e-04
4.673296914839936e-03	8.214103e-01	8.389907e-01	6.991590e-04
4.683062539839936e-03	7.454175e-01	7.670947e-01	6.392456e-04
4.692828164839936e-03	6.582129e-01	6.836606e-01	5.697171e-04
4.702593789839935e-03	5.611082e-01	5.899432e-01	4.916193e-04
4.712359414839935e-03	4.555639e-01	4.873523e-01	4.061269e-04
4.722125039839935e-03	3.431675e-01	3.774307e-01	3.145256e-04
4.731890664839935e-03	2.256095e-01	2.618319e-01	2.181932e-04
4.741656289839935e-03	1.046581e-01	1.422946e-01	1.185788e-04
4.751421914839934e-03	-1.786736e-02	2.061671e-02	1.718059e-05
4.761187539839934e-03	-1.401241e-01	-1.013716e-01	-8.447631e-05
4.770953164839934e-03	-2.602733e-01	-2.218354e-01	-1.848629e-04
4.780718789839934e-03	-3.765077e-01	-3.389630e-01	-2.824692e-04
4.790484414839933e-03	-4.870791e-01	-4.509926e-01	-3.758272e-04
4.800250039839933e-03	-5.903243e-01	-5.562391e-01	-4.635326e-04
4.810015664839933e-03	-6.846906e-01	-6.531196e-01	-5.442663e-04
4.819781289839933e-03	-7.687584e-01	-7.401769e-01	-6.168140e-04
4.829546914839933e-03	-8.412635e-01	-8.161014e-01	-6.800846e-04
4.839312539839932e-03	-9.011151e-01	-8.797514e-01	-7.331262e-04
4.849078164839932e-03	-9.474131e-01	-9.301694e-01	-7.751412e-04
4.858843789839932e-03	-9.794611e-01	-9.665970e-01	-8.054975e-04
4.868609414839932e-03	-9.967772e-01	-9.884865e-01	-8.237388e-04
4.878375039839932e-03	-9.991007e-01	-9.955643e-01	-8.296369e-04
4.887995004222369e-03	-9.866961e-01	-9.878412e-01	-8.232010e-04
4.897760629222369e-03	-9.593748e-01	-9.652003e-01	-8.043336e-04
4.907526254222369e-03	-9.176235e-01	-9.280980e-01	-7.734150e-04
4.917291879222368e-03	-8.620704e-01	-8.770366e-01	-7.308638e-04
4.927057504222368e-03	-7.935509e-01	-8.127839e-01	-6.773199e-04
4.936823129222368e-03	-7.130957e-01	-7.363065e-01	-6.135888e-04
4.946588754222368e-03	-6.219148e-01	-6.487547e-01	-5.406289e-04
4.956354379222368e-03	-5.213797e-01	-5.514452e-01	-4.595377e-04
4.966120004222367e-03	-4.130026e-01	-4.458418e-01	-3.715348e-04
4.975885629222367e-03	-2.984136e-01	-3.335327e-01	-2.779439e-04
4.985651254222367e-03	-1.793362e-01	-2.162072e-01	-1.801727e-04
4.995416879222367e-03	-5.756136e-02	-9.576839e-02	-7.980700e-05
5.000000000000000e-03	-4.898587e-15	-3.853508e-02	-3.211256e-05
